[gd_scene load_steps=11 format=2]

[ext_resource path="res://src/Levels/Level.gd" type="Script" id=1]
[ext_resource path="res://Assets/Models/Towers/Track.obj" type="ArrayMesh" id=2]
[ext_resource path="res://src/Levels/Light.tscn" type="PackedScene" id=3]
[ext_resource path="res://Assets/Materials/Enemy.tres" type="Material" id=4]
[ext_resource path="res://Assets/Materials/Friend.tres" type="Material" id=5]
[ext_resource path="res://src/Levels/Lights.gd" type="Script" id=6]
[ext_resource path="res://Assets/SFX/Build.wav" type="AudioStream" id=7]

[sub_resource type="SpatialMaterial" id=2]
albedo_color = Color( 0.129412, 0.192157, 0.298039, 1 )

[sub_resource type="PlaneMesh" id=3]
material = SubResource( 2 )
size = Vector2( 100, 100 )

[sub_resource type="Curve3D" id=4]
_data = {
"points": PoolVector3Array(  ),
"tilts": PoolRealArray(  )
}

[node name="Level" type="Spatial"]
script = ExtResource( 1 )

[node name="Graphics" type="Spatial" parent="."]

[node name="Rings" type="MeshInstance" parent="Graphics"]
transform = Transform( 1, 0, 0, 0, 1, 0, 0, 0, 1, 0, 0.0110528, 0 )
visible = false
mesh = ExtResource( 2 )
material/0 = ExtResource( 5 )
material/1 = ExtResource( 4 )

[node name="Ground" type="CSGMesh" parent="Graphics"]
mesh = SubResource( 3 )

[node name="Path" type="Path" parent="."]
curve = SubResource( 4 )

[node name="Lights" type="Spatial" parent="."]
script = ExtResource( 6 )

[node name="Pivot" type="Spatial" parent="Lights"]

[node name="Light" parent="Lights/Pivot" instance=ExtResource( 3 )]
transform = Transform( 1, 0, 0, 0, 1, 0, 0, 0, 1, 0, 0, -2.02254 )

[node name="Pivot2" type="Spatial" parent="Lights"]
transform = Transform( 0.707107, 0, -0.707107, 0, 1, 0, 0.707107, 0, 0.707107, 0, 0, 0 )

[node name="Light" parent="Lights/Pivot2" instance=ExtResource( 3 )]
transform = Transform( 1, 0, 0, 0, 1, 0, 0, 0, 1, 0, 0, -2.02254 )

[node name="Pivot3" type="Spatial" parent="Lights"]
transform = Transform( 0, 0, -1, 0, 1, 0, 1, 0, 0, 0, 0, 0 )

[node name="Light" parent="Lights/Pivot3" instance=ExtResource( 3 )]
transform = Transform( 1, 0, 0, 0, 1, 0, 0, 0, 1, 0, 0, -2.02254 )

[node name="Pivot4" type="Spatial" parent="Lights"]
transform = Transform( -0.707107, 0, -0.707107, 0, 1, 0, 0.707107, 0, -0.707107, 0, 0, 0 )

[node name="Light" parent="Lights/Pivot4" instance=ExtResource( 3 )]
transform = Transform( 1, 0, 0, 0, 1, 0, 0, 0, 1, 0, 0, -2.02254 )

[node name="Pivot5" type="Spatial" parent="Lights"]
transform = Transform( -1, 0, 0, 0, 1, 0, 0, 0, -1, 0, 0, 0 )

[node name="Light" parent="Lights/Pivot5" instance=ExtResource( 3 )]
transform = Transform( 1, 0, 0, 0, 1, 0, 0, 0, 1, 0, 0, -2.02254 )

[node name="Pivot6" type="Spatial" parent="Lights"]
transform = Transform( -0.707107, 0, 0.707107, 0, 1, 0, -0.707107, 0, -0.707107, 0, 0, 0 )

[node name="Light" parent="Lights/Pivot6" instance=ExtResource( 3 )]
transform = Transform( 1, 0, 0, 0, 1, 0, 0, 0, 1, 0, 0, -2.02254 )

[node name="Pivot9" type="Spatial" parent="Lights"]
transform = Transform( 0, 0, 1, 0, 1, 0, -1, 0, 0, 0, 0, 0 )

[node name="Light" parent="Lights/Pivot9" instance=ExtResource( 3 )]
transform = Transform( 1, 0, 0, 0, 1, 0, 0, 0, 1, 0, 0, -2.02254 )

[node name="Pivot11" type="Spatial" parent="Lights"]
transform = Transform( 0.707107, 0, 0.707107, 0, 1, 0, -0.707107, 0, 0.707107, 0, 0, 0 )

[node name="Light" parent="Lights/Pivot11" instance=ExtResource( 3 )]
transform = Transform( 1, 0, 0, 0, 1, 0, 0, 0, 1, 0, 0, -2.02254 )

[node name="BuildSound" type="AudioStreamPlayer" parent="."]
stream = ExtResource( 7 )
volume_db = -15.0
pitch_scale = 0.95
